123456 1089602924 JUANJO 3114085663 2
123456 1089602925 ANDRES 3114001122 1
123456 1089602927 PEDRO 3115557777 2
123456 1089602928 SOFIA 3112345678 2
123456 1089602931 MARCO 3112223333 1
654321 2049587345 MARIA 3114891023 2
654321 2049587346 CARLA 3115678901 1
654321 2049587347 ANA 3118765432 2
654321 2049587348 VALERIA 3113456789 1
654321 2049587350 LUCIA 3113334444 2
112233 1092837465 CARLOS 3123456789 2
112233 1092837466 LUISA 3121234567 1
112233 1092837467 MARCO 3129876543 1
112233 1092837468 DAVID 3124567890 2
112233 1092837470 JULIA 3123334445 1
123456 10032072 PABLO 3133133333 1
